X0 = [
    59.66
    0
    28.5
    128
    50
    255
    0
    118
    28.5
    128
    128
    255
    27.82 
    -0.238
    28.51
    121.2
    47.38
    253
    0.536
    8
    1.578
    5
    0.536
    8
    8.5
    10
    ];

P1 = [70 131 150 222 219 172 71
    111 150 144 180 177 125 17;
    2 15 1 12 19 5 8];

S = [
    1
    2
    3
    4
    5
    6
    7
    ];