X0 = [
    -50 
    0 
    75
    25 
    75 
    125
    75 
    125 
    175
    175 
    255 
    300
    125 
    175 
    225
    -50 
    ];

P1 = [70 131 150 222 219 172 71
    111 150 144 180 177 125 17;
    2 15 1 12 19 5 8];

S = [
    1
    2
    3
    4
    5
    6
    7
    ];