X0 = [
    3.0047619047619
    70.5047619047619
    56.8607463994412
    128
    0.102
    205
    11.1
    104.22619047619
    59.449155695557
    128
    159.512698412698
    255.012698412698
    1.73
    44.5767195767196
    21.85
    50.2
    66.8018518518519
    96.7518518518519
    -4.55e-05
    2.99074074074074
    7.44888690792012
    7.25
    0.544
    6.04853968253968
    1.22
    3.66978835978836
    ];

P1 = [70 131 150 222 219 172 71
    111 150 144 180 177 125 17;
    2 15 1 12 19 5 8];

S = [
    1
    2
    3
    4
    5
    6
    7
    ];