X0 = [
    -50
    0
    25
    75
    75
    125
    175
    255
    125
    175
     -50
    0
    25
    75
    75
    125
    175
    255
    125
    175
    -50
    0
    10
    20
    25
    50
    -1
    0
    3
    5
    7.5
    10
    6
    7
    ];

P1 = [70 131 150 222 219 172 71
    111 150 144 180 177 125 17;
    2 15 1 12 19 5 8];

S = [
    1
    2
    3
    4
    5
    6
    7
    ];